These are a few of the words in our inverted index's solution. You can use this to check
the correctness of your solution. Note that a small amount of error with doubles is allowed.
Just because you match these values does not gaurentee that your entire inverted index
is correct, but it shows that you are on the right track

Each line has the following format:

word  -> idf -> Doc_id -> number of occurrences in Doc_id -> Doc_id's normalization factor (before sqrt) -> Doc_id -> number of occurrences in Doc_id -> Doc_id's normalization factor (before sqrt) ... 


foregroundnetwork 3.514282047860378 8320657 1 1648.8715205629262	
capturebefriend 3.514282047860378 15146639 1 28571.270731089444	
pixley 3.2132520521963968 863018 1 122779.86705488186 2465549 22 25887.14981800331	
lindros 3.514282047860378 13933570 1 105173.87779141766	
mindesert 3.514282047860378 23944571 1 35478.62203298603	
regresar 3.514282047860378 26822867 1 109540.67991946837	
glendambo 3.514282047860378 30700270 1 14249.504122213686	
smelting 1.5648920412154652 266241 1 53388.41258830753 12687106 1 26805.727912930037 12870151 1 2056.0291601618405 9713418 2 3083.4267397305134 1103627 3 397121.4648548182 1652238 1 3118.4260366720227 1483029 1 356.3226335717833 26905 1 101087.0152314199 140827 1 116760.31650713383 273436 1 30646.54391572821 16685091 1 573.6762023769126 14555687 4 1760.5204605507972 607836 1 2126.661468100952 12488547 2 5667.0269872373065 25918508 1 38686.56329274655 5388424 2 3004.487733381003 25234995 3 8990.679420851158 2861703 2 675.5181483686621 923872 1 16331.604156101846 28538434 1 1430.9727689592435 12467211 1 4740.1259976899755 11936580 1 1170.6168751244577 29248585 1 1324.2040050059577 19309904 1 3448.003864951905 382289 2 23953.246804888906 29322067 1 3923.2487491516604 951124 1 75535.38638953453 5046618 1 1880764.8053743492 5604188 1 5901.092089863203 450913 1 289874.47531831154 13767267 1 4918.899001967548 40293 1 23609.925353684706 1518440 1 15969.445916167104 2489532 1 6016.425641281545 1344523 1 17336.405821577886 794216 2 510.1219427112574 20555890 1 10586.835260340977 21831542 3 5459.469699601768 16983671 1 2540.457082643848 2094203 1 16191.219452409401 2174593 1 674.9542890146922 260482 1 5326.333538365688 13683076 1 1957.4791618794434 1639813 3 6430.7138948106685 3391622 1 2172.834735698341 1605255 1 1875.2729242501034 2205320 1 25580.801775994834 14914 2 89441.33016960432 5334888 1 1919.496540815292 21648 1 233471.2533755756 32658 1 11979.079123246309 8755609 4 20806.0875141159 18871453 1 532.8606469666071 1271199 1 1257.4613252285676 29924772 1 1215.3242069689038 4484806 8 13751.562591646785 8585639 1 2231.021577615104 4759978 2 12066.123301247662 30892 1 49782.78604038579 224173 1 561518.6406200931 11835570 1 5278.7378408929335 8430775 1 8955.688060456188 52665 1 69048.96607715548 25953980 2 4817.233202145475 15322302 1 148939.5807767209 2804415 1 3308.214948998233 25200772 2 40756.26221622398 7660534 1 12443.040856049027 19999686 1 400.3585985665482 31330417 1 5383.889405857854 46793 1 31892.806508848167 19235703 1 4691.616787924979 1544659 1 807.8258886144076 1097432 4 118695.74270550557 546009 6 7903.473587879892 507099 1 2656.696326331428 21680096 1 20.75092947620756 25315664 2 8918.484232477264 4183522 1 1101.8955854740657 171131 1 20372.019586854218 188900 3 15636.823101068348 22075629 6 16026.889090200712 25342959 1 177.9681800223554 21866737 1 10167.770881101153 2071283 2 5057.924326531892 22646772 5 6789.73170512827 27409654 1 18545.501445507925 7731194 1 1219.7578731757953 648959 1 49775.28014869887	
medicinefradd 3.514282047860378 20900836 1 113664.02346501985	
ndtnde 3.514282047860378 636219 1 30051.07298779188	
